0,505
0,504
0,503
0,472
77,4
77,3
77,2
77,1
77,0
76,3
76,2
76,1
76,0
75,3
75,2
75,1
75,0
74,3
74,2
74,1
74,0
73,3
73,2
73,1
73,0
72,3
72,2
72,1
72,0
71,3
71,2
71,1
71,0
70,3
70,2
70,1
70,0
69,3
69,2
69,1
69,0
68,3
68,2
68,1
68,0
64,52
64,51
64,50
64,49
64,48
64,47
64,46
64,45
64,44
64,43
64,42
64,41
64,40
64,39
64,38
64,37
64,36
64,35
67,3
67,2
67,1
67,0
66,3
66,2
66,1
66,0
65,3
65,2
65,1
65,0
10,79
10,303
10,245
10,307
10,75
10,67
10,73
10,185
11,24
11,25
11,23
63,4
63,3
63,2
63,1
63,0
61,3
61,2
61,1
61,0
56,2
56,0
20,3
20,2
20,1
19,3
19,2
19,1
18,3
18,1
12,3
12,2
12,1
11,28
11,21
11,20
11,18
11,14
11,9
11,6
11,4
11,3
11,2
